Objective: QALY
Min Interval: 3 years
Max Screens: Unlimited
Risk Classes: 5
Age Range: 20-90
Max History: 10
Generated: 2026-02-03T23:32:41.935615

Screen ages by risk class (h=10, n=0):
  Risk 0 (mult=0.0750): [40, 41, 42, 43, 44, 45, 46, 47, 48, 49, 50, 51, 52, 53, 54, 55, 56, 57, 58, 59, 60, 61, 62, 63, 64, 65, 66, 67, 68, 69, 70, 71, 72, 73, 74, 75, 76, 77, 78, 79, 80]
  Risk 1 (mult=0.2468): [40, 41, 42, 43, 44, 45, 46, 47, 48, 49, 50, 51, 52, 55, 56, 60, 64, 68, 72, 76, 80]
  Risk 2 (mult=0.8467): [43, 47, 51, 55, 59, 63, 67, 71, 75, 79]
  Risk 3 (mult=2.7106): [40, 44, 48, 52, 56, 60, 64, 68, 72, 76, 80]
  Risk 4 (mult=10.4560): [41, 45, 49, 53, 57, 61, 65, 69, 73, 77]
